0	96.11000018008053
1	98.82833370566368
2	99.12000039219856
3	99.39500033855438
4	99.51666698853174
5	99.57000026106834
6	99.67000026007493
7	99.63833359877269
8	99.73500020305316
9	99.82666681706905
10	99.74833351870377
11	99.79500016073386
12	99.82500014205775
13	99.85666677355766
14	99.80833348631859
15	99.85666677852471
16	99.9233334014813
17	99.86666679382324
18	99.84000012775263
19	99.92666672666869
20	99.9050000657638
21	99.833333487312
22	99.905000085632
23	99.90333341062069
24	99.88166676958402
25	99.90666675567627
26	99.87166677912076
27	99.94833337763946
28	99.8800001045068
29	99.92666673163572
30	99.91166674097379
31	99.89833342035611
32	99.92500006159146
33	99.90000007549922
34	99.91333341101806
35	99.92666673660278
36	99.92500007152557
37	99.90000009040038
38	99.91833340128264
39	99.90666675567627
40	99.90666675070922
41	99.95333337783813
42	99.91500007609527
43	99.9483333826065
44	99.95166671276093
45	99.91833341121674
46	99.95000004768372
47	99.92000007132688
48	99.91000007589658
49	99.97000002364318
